BoneCount: 91
RootBone: 0
BoneName: RootNode
BoneImdex: 0
BoneParentIndex: -1
BoneChildCount: 5
1
87
88
89
90
1.000000 0.000000 -0.000000 0.000000
0.000000 1.000000 -0.000000 0.000000
-0.000000 -0.000000 1.000000 -0.000000
0.000000 0.000000 -0.000000 1.000000
1.000000 0.000000 0.000000 0.000000
0.000000 1.000000 0.000000 0.000000
0.000000 0.000000 1.000000 0.000000
0.000000 0.000000 0.000000 1.000000
BoneName: mixamorig:Hips
BoneImdex: 1
BoneParentIndex: 0
BoneChildCount: 3
2
77
82
1.000000 0.000000 -0.000000 0.000000
0.000000 0.999966 -0.008292 0.000000
-0.000000 0.008292 0.999966 -0.000000
-0.000000 0.962267 -0.043875 1.000000
1.000000 0.000000 -0.000000 0.000000
0.000000 0.999966 0.008292 0.000000
-0.000000 -0.008292 0.999966 -0.000000
0.000000 -0.962598 0.035894 1.000000
BoneName: mixamorig:Spine
BoneImdex: 2
BoneParentIndex: 1
BoneChildCount: 2
3
76
1.000000 0.000000 -0.000000 0.000000
0.000000 0.992192 0.124720 0.000000
-0.000000 -0.124720 0.992192 -0.000000
0.000000 0.105288 0.006106 1.000000
1.000000 0.000000 -0.000000 0.000000
0.000000 0.993192 -0.116488 0.000000
-0.000000 0.116488 0.993192 -0.000000
0.000000 -1.055833 0.162741 1.000000
BoneName: mixamorig:Spine1
BoneImdex: 3
BoneParentIndex: 2
BoneChildCount: 1
4
1.000000 0.000000 -0.000000 0.000000
0.000000 0.996640 0.081907 0.000000
-0.000000 -0.081907 0.996640 -0.000000
0.000000 0.113770 -0.000000 1.000000
1.000000 0.000000 -0.000000 0.000000
0.000000 0.980314 -0.197446 0.000000
-0.000000 0.197446 0.980314 -0.000000
0.000000 -1.152343 0.257993 1.000000
BoneName: mixamorig:Spine2
BoneImdex: 4
BoneParentIndex: 3
BoneChildCount: 7
5
10
40
70
71
72
74
1.000000 0.000000 -0.000000 0.000000
0.000000 0.997064 0.076569 0.000000
-0.000000 -0.076569 0.997064 -0.000000
-0.000000 0.140620 0.000000 1.000000
1.000000 0.000000 -0.000000 0.000000
0.000000 0.962318 -0.271928 0.000000
-0.000000 0.271928 0.962318 -0.000000
0.000000 -1.269413 0.356236 1.000000
BoneName: mixamorig:Neck
BoneImdex: 5
BoneParentIndex: 4
BoneChildCount: 1
6
1.000000 0.000000 -0.000000 0.000000
0.000000 0.999062 -0.043310 0.000000
-0.000000 0.043310 0.999062 -0.000000
0.000000 0.105239 0.000000 1.000000
1.000000 0.000000 -0.000000 0.000000
0.000000 0.973192 -0.229995 0.000000
-0.000000 0.229995 0.973192 -0.000000
0.000000 -1.388791 0.296366 1.000000
BoneName: mixamorig:Head
BoneImdex: 6
BoneParentIndex: 5
BoneChildCount: 2
7
9
1.000000 0.000000 -0.000000 0.000000
0.000000 0.892830 -0.450395 0.000000
-0.000000 0.450395 0.892830 -0.000000
0.000000 0.136067 -0.017629 1.000000
1.000000 0.000000 -0.000000 0.000000
0.000000 0.972483 0.232975 0.000000
-0.000000 -0.232975 0.972483 -0.000000
0.000000 -1.502860 -0.406444 1.000000
BoneName: mixamorig:HeadTop_End
BoneImdex: 7
BoneParentIndex: 6
BoneChildCount: 1
8
1.000000 0.000000 -0.000000 0.000000
0.000000 0.948237 0.317562 0.000000
-0.000000 -0.317562 0.948237 -0.000000
-0.000000 0.315912 0.003626 1.000000
1.000000 0.000000 -0.000000 0.000000
0.000000 0.996129 -0.087909 0.000000
-0.000000 0.087909 0.996129 -0.000000
0.000000 -1.854851 0.188730 1.000000
BoneName: mixamorig:HeadTop_End1
BoneImdex: 8
BoneParentIndex: 7
BoneChildCount: 0
1.000000 0.000000 -0.000000 0.000000
0.000000 1.000000 -0.000000 0.000000
-0.000000 -0.000000 1.000000 -0.000000
-0.000000 0.005321 -0.244119 1.000000
1.000000 0.000000 -0.000000 0.000000
0.000000 0.996129 -0.087909 0.000000
-0.000000 0.087909 0.996129 -0.000000
0.000000 -1.860171 0.432849 1.000000
BoneName: mixamorig:Hair_Back
BoneImdex: 9
BoneParentIndex: 6
BoneChildCount: 0
1.000000 0.000000 -0.000000 0.000000
0.000000 0.987739 0.156116 0.000000
-0.000000 -0.156116 0.987739 -0.000000
-0.000000 0.005016 0.178456 1.000000
1.000000 0.000000 -0.000000 0.000000
0.000000 0.996930 0.078298 0.000000
-0.000000 -0.078298 0.996930 -0.000000
0.000000 -1.580700 -0.342325 1.000000
BoneName: mixamorig:LeftShoulder
BoneImdex: 10
BoneParentIndex: 4
BoneChildCount: 1
11
-0.464022 0.172972 0.868772 0.000000
0.884447 0.035808 0.465265 0.000000
0.049369 0.984276 -0.169600 -0.000000
0.150128 0.106563 -0.026368 1.000000
-0.464022 0.884447 0.049370 0.000000
-0.069789 -0.092061 0.993305 0.000000
0.883070 0.457470 0.104442 -0.000000
0.164052 -0.004037 -1.426641 1.000000
BoneName: mixamorig:LeftArm
BoneImdex: 11
BoneParentIndex: 10
BoneChildCount: 3
12
36
38
0.885723 0.455173 0.091171 0.000000
-0.460520 0.886289 0.049125 0.000000
-0.058443 -0.085497 0.994623 -0.000000
-0.000000 0.291325 0.000000 1.000000
-0.003918 0.999992 0.000605 0.000000
-0.013156 -0.000656 0.999913 0.000000
0.999906 0.003909 0.013159 -0.000000
-0.119204 -0.407411 -1.403305 1.000000
BoneName: mixamorig:LeftForeArm
BoneImdex: 12
BoneParentIndex: 11
BoneChildCount: 2
13
34
0.999614 0.027125 -0.006025 0.000000
-0.027147 0.999625 -0.003522 0.000000
0.005927 0.003684 0.999976 -0.000000
0.000000 0.297871 -0.000000 1.000000
0.023206 0.999722 0.004267 0.000000
-0.019193 -0.003822 0.999808 0.000000
0.999546 -0.023283 0.019099 -0.000000
-0.129835 -0.696837 -1.406577 1.000000
BoneName: mixamorig:LeftHand
BoneImdex: 13
BoneParentIndex: 12
BoneChildCount: 5
14
18
22
26
30
0.999854 -0.016859 -0.002752 0.000000
0.016772 0.999442 -0.028881 0.000000
0.003237 0.028830 0.999579 -0.000000
0.000000 0.279074 0.000000 1.000000
0.006337 0.999430 0.033161 0.000000
-0.021878 -0.033015 0.999215 0.000000
0.999741 -0.007057 0.021656 -0.000000
-0.109493 -0.936923 -1.434540 1.000000
BoneName: mixamorig:LeftHandThumb1
BoneImdex: 14
BoneParentIndex: 13
BoneChildCount: 1
15
0.949291 0.309825 -0.053427 0.000000
-0.298275 0.833790 -0.464571 0.000000
-0.099388 0.456949 0.883923 -0.000000
-0.057435 0.046811 -0.032678 1.000000
0.313892 0.816019 0.485371 0.000000
-0.084383 -0.485209 0.870317 0.000000
0.945702 -0.314142 -0.083445 -0.000000
-0.279305 -0.153435 -1.683480 1.000000
BoneName: mixamorig:LeftHandThumb2
BoneImdex: 15
BoneParentIndex: 14
BoneChildCount: 1
16
0.989399 0.145090 0.006129 0.000000
-0.145220 0.988518 0.041761 0.000000
-0.000000 -0.042208 0.999109 -0.000000
-0.009173 0.070469 -0.000000 1.000000
0.431935 0.781336 0.450495 0.000000
-0.148552 -0.431038 0.890022 0.000000
0.889586 -0.451354 -0.070112 -0.000000
-0.310074 -0.252408 -1.672529 1.000000
BoneName: mixamorig:LeftHandThumb3
BoneImdex: 16
BoneParentIndex: 15
BoneChildCount: 1
17
0.978950 0.204004 -0.006256 0.000000
-0.203894 0.978880 0.014864 0.000000
0.009156 -0.013276 0.999870 -0.000000
0.001542 0.065553 -0.000000 1.000000
0.579421 0.683461 0.444019 0.000000
-0.238927 -0.378416 0.894268 0.000000
0.779221 -0.624245 -0.055965 -0.000000
-0.359459 -0.272570 -1.670943 1.000000
BoneName: mixamorig:LeftHandThumb4
BoneImdex: 17
BoneParentIndex: 16
BoneChildCount: 0
1.000000 0.000000 -0.000000 0.000000
0.000000 1.000000 -0.000000 0.000000
-0.000000 -0.000000 1.000000 -0.000000
0.007631 0.043391 -0.000000 1.000000
0.579421 0.683461 0.444019 0.000000
-0.238927 -0.378416 0.894268 0.000000
0.779221 -0.624245 -0.055965 -0.000000
-0.367090 -0.315961 -1.670943 1.000000
BoneName: mixamorig:LeftHandIndex1
BoneImdex: 18
BoneParentIndex: 13
BoneChildCount: 1
19
0.997927 0.004476 0.064192 0.000000
-0.004281 0.999986 -0.003185 0.000000
-0.064205 0.002904 0.997932 -0.000000
-0.046179 0.186648 -0.000016 1.000000
0.012926 0.999283 0.035588 0.000000
0.042162 -0.036104 0.998458 0.000000
0.999027 -0.011406 -0.042598 -0.000000
-0.160297 -1.118715 -1.430755 1.000000
BoneName: mixamorig:LeftHandIndex2
BoneImdex: 19
BoneParentIndex: 18
BoneChildCount: 1
20
0.999903 0.013936 0.000618 0.000000
-0.013950 0.998921 0.044310 0.000000
-0.000000 -0.044314 0.999018 -0.000000
-0.000012 0.032459 -0.000000 1.000000
0.026873 0.999601 -0.008730 0.000000
0.042272 0.007589 0.999077 0.000000
0.998745 -0.027217 -0.042051 -0.000000
-0.177196 -1.211093 -1.378335 1.000000
BoneName: mixamorig:LeftHandIndex3
BoneImdex: 20
BoneParentIndex: 19
BoneChildCount: 1
21
1.000000 0.000000 -0.000000 0.000000
0.000000 0.999907 -0.013656 0.000000
-0.000000 0.013656 0.999907 -0.000000
-0.000310 0.038162 -0.000000 1.000000
0.026873 0.999627 0.004921 0.000000
0.042272 -0.006055 0.999088 0.000000
0.998745 -0.026640 -0.042419 -0.000000
-0.176887 -1.230316 -1.395266 1.000000
BoneName: mixamorig:LeftHandIndex4
BoneImdex: 21
BoneParentIndex: 20
BoneChildCount: 0
1.000000 0.000000 -0.000000 0.000000
0.000000 1.000000 -0.000000 0.000000
-0.000000 -0.000000 1.000000 -0.000000
0.000322 0.038314 0.000000 1.000000
0.026873 0.999627 0.004921 0.000000
0.042272 -0.006055 0.999088 0.000000
0.998745 -0.026640 -0.042419 -0.000000
-0.177208 -1.268631 -1.395266 1.000000
BoneName: mixamorig:LeftHandMiddle1
BoneImdex: 22
BoneParentIndex: 13
BoneChildCount: 1
23
0.999539 -0.004317 0.030041 0.000000
0.005224 0.999530 -0.030206 0.000000
-0.029896 0.030349 0.999092 -0.000000
0.005767 0.185080 0.006352 1.000000
0.003016 0.997992 0.063273 0.000000
0.008292 -0.063296 0.997960 0.000000
0.999961 -0.002485 -0.008466 -0.000000
-0.153648 -1.078555 -1.470189 1.000000
BoneName: mixamorig:LeftHandMiddle2
BoneImdex: 23
BoneParentIndex: 22
BoneChildCount: 1
24
1.000000 0.000000 -0.000000 0.000000
0.000000 0.995453 0.095251 0.000000
-0.000000 -0.095251 0.995453 -0.000000
-0.000307 0.033772 0.000000 1.000000
0.003016 0.999481 -0.032074 0.000000
0.008292 0.032048 0.999452 0.000000
0.999961 -0.003280 -0.008191 -0.000000
-0.153341 -1.247305 -1.357556 1.000000
BoneName: mixamorig:LeftHandMiddle3
BoneImdex: 24
BoneParentIndex: 23
BoneChildCount: 1
25
1.000000 0.000000 -0.000000 0.000000
0.000000 0.999749 0.022425 0.000000
-0.000000 -0.022425 0.999749 -0.000000
-0.000101 0.045040 -0.000000 1.000000
0.003016 0.998510 -0.054478 0.000000
0.008292 0.054452 0.998482 0.000000
0.999961 -0.003463 -0.008115 -0.000000
-0.153240 -1.322463 -1.328234 1.000000
BoneName: mixamorig:LeftHandMiddle4
BoneImdex: 25
BoneParentIndex: 24
BoneChildCount: 0
1.000000 0.000000 -0.000000 0.000000
0.000000 1.000000 -0.000000 0.000000
-0.000000 -0.000000 1.000000 -0.000000
0.000408 0.040926 -0.000000 1.000000
0.003016 0.998510 -0.054479 0.000000
0.008292 0.054452 0.998482 0.000000
0.999961 -0.003463 -0.008115 -0.000000
-0.153648 -1.363389 -1.328234 1.000000
BoneName: mixamorig:LeftHandRing1
BoneImdex: 26
BoneParentIndex: 13
BoneChildCount: 1
27
0.999936 -0.007389 0.008515 0.000000
0.006874 0.998234 0.059008 0.000000
-0.008936 -0.058945 0.998221 -0.000000
0.047697 0.177314 0.008233 1.000000
-0.000767 0.999665 -0.025866 0.000000
-0.013124 0.025853 0.999580 0.000000
0.999914 0.001106 0.013100 -0.000000
-0.161231 -1.198483 -1.373123 1.000000
BoneName: mixamorig:LeftHandRing2
BoneImdex: 27
BoneParentIndex: 26
BoneChildCount: 1
28
1.000000 0.000000 -0.000000 0.000000
0.000000 0.998912 -0.046629 0.000000
-0.000000 0.046629 0.998912 -0.000000
-0.000081 0.027351 0.000000 1.000000
-0.000767 0.999784 0.020776 0.000000
-0.013124 -0.020784 0.999698 0.000000
0.999914 0.000494 0.013137 -0.000000
-0.161149 -1.160474 -1.428789 1.000000
BoneName: mixamorig:LeftHandRing3
BoneImdex: 28
BoneParentIndex: 27
BoneChildCount: 1
29
1.000000 0.000000 -0.000000 0.000000
0.000000 0.998648 0.051975 0.000000
-0.000000 -0.051975 0.998648 -0.000000
0.000003 0.033300 -0.000000 1.000000
-0.000767 0.999512 -0.031216 0.000000
-0.013124 0.031203 0.999427 0.000000
0.999914 0.001176 0.013094 -0.000000
-0.161152 -1.266422 -1.364812 1.000000
BoneName: mixamorig:LeftHandRing4
BoneImdex: 29
BoneParentIndex: 28
BoneChildCount: 0
1.000000 0.000000 -0.000000 0.000000
0.000000 1.000000 -0.000000 0.000000
-0.000000 -0.000000 1.000000 -0.000000
0.000078 0.032506 0.000000 1.000000
-0.000767 0.999512 -0.031216 0.000000
-0.013124 0.031203 0.999427 0.000000
0.999914 0.001176 0.013094 -0.000000
-0.161231 -1.298928 -1.364812 1.000000
BoneName: mixamorig:LeftHandPinky1
BoneImdex: 30
BoneParentIndex: 13
BoneChildCount: 1
31
0.998869 -0.017164 0.044340 0.000000
0.015930 0.999480 0.028032 0.000000
-0.044798 -0.027294 0.998623 -0.000000
0.081077 0.159898 0.001097 1.000000
-0.009354 0.999941 0.005554 0.000000
0.023019 -0.005337 0.999721 0.000000
0.999691 0.009480 -0.022968 -0.000000
-0.235184 -1.139530 -1.395187 1.000000
BoneName: mixamorig:LeftHandPinky2
BoneImdex: 31
BoneParentIndex: 30
BoneChildCount: 1
32
1.000000 0.000000 -0.000000 0.000000
0.000000 0.999018 0.044299 0.000000
-0.000000 -0.044299 0.999018 -0.000000
-0.000123 0.026882 -0.000000 1.000000
-0.009354 0.999205 -0.038748 0.000000
0.023019 0.038955 0.998976 0.000000
0.999691 0.008453 -0.023365 -0.000000
-0.235061 -1.227072 -1.342147 1.000000
BoneName: mixamorig:LeftHandPinky3
BoneImdex: 32
BoneParentIndex: 31
BoneChildCount: 1
33
1.000000 0.000000 -0.000000 0.000000
0.000000 0.999703 -0.024375 0.000000
-0.000000 0.024375 0.999703 -0.000000
0.000002 0.024875 -0.000000 1.000000
-0.009354 0.999853 -0.014382 0.000000
0.023019 0.014594 0.999629 0.000000
0.999691 0.009020 -0.023152 -0.000000
-0.235063 -1.218862 -1.372263 1.000000
BoneName: mixamorig:LeftHandPinky4
BoneImdex: 33
BoneParentIndex: 32
BoneChildCount: 0
1.000000 0.000000 -0.000000 0.000000
0.000000 1.000000 -0.000000 0.000000
-0.000000 -0.000000 1.000000 -0.000000
0.000121 0.018536 -0.000000 1.000000
-0.009354 0.999853 -0.014382 0.000000
0.023019 0.014594 0.999629 0.000000
0.999691 0.009020 -0.023152 -0.000000
-0.235184 -1.237397 -1.372263 1.000000
BoneName: mixamorig:Left_CapeC
BoneImdex: 34
BoneParentIndex: 12
BoneChildCount: 1
35
0.024090 0.999704 0.003391 0.000000
-0.019633 -0.002918 0.999803 0.000000
0.999517 -0.024152 0.019556 -0.000000
0.069986 0.158665 -0.083583 1.000000
0.999999 0.000892 -0.000867 0.000000
-0.000892 0.999999 0.000461 0.000000
0.000868 -0.000460 1.000000 -0.000000
-0.864550 -1.316313 -0.204936 1.000000
BoneName: mixamorig:Left_CapeC1
BoneImdex: 35
BoneParentIndex: 34
BoneChildCount: 0
1.000000 0.000000 -0.000000 0.000000
0.000000 1.000000 -0.000000 0.000000
-0.000000 -0.000000 1.000000 -0.000000
0.000437 -0.090093 -0.000000 1.000000
0.999999 0.000892 -0.000867 0.000000
-0.000892 0.999999 0.000461 0.000000
0.000868 -0.000460 1.000000 -0.000000
-0.864987 -1.226220 -0.204936 1.000000
BoneName: mixamorig:Left_CapeB
BoneImdex: 36
BoneParentIndex: 11
BoneChildCount: 1
37
-0.145020 0.989429 0.000605 0.000000
-0.012932 -0.002507 0.999913 0.000000
0.989344 0.145000 0.013159 -0.000000
0.071926 0.259798 -0.087638 1.000000
0.989989 -0.001851 0.141131 0.000000
0.001863 0.999998 0.000046 0.000000
-0.141131 0.000217 0.989991 -0.000000
-0.633233 -1.311409 -0.303151 1.000000
BoneName: mixamorig:Left_CapeB1
BoneImdex: 37
BoneParentIndex: 36
BoneChildCount: 0
1.000000 0.000000 -0.000000 0.000000
0.000000 1.000000 -0.000000 0.000000
-0.000000 -0.000000 1.000000 -0.000000
-0.000437 -0.084844 -0.000000 1.000000
0.989989 -0.001851 0.141131 0.000000
0.001863 0.999998 0.000046 0.000000
-0.141131 0.000217 0.989991 -0.000000
-0.632796 -1.226564 -0.303151 1.000000
BoneName: mixamorig:Left_CapeA
BoneImdex: 38
BoneParentIndex: 11
BoneChildCount: 1
39
-0.145020 0.989429 0.000605 0.000000
-0.012932 -0.002507 0.999913 0.000000
0.989344 0.145000 0.013159 -0.000000
0.102807 0.049063 -0.087330 1.000000
0.989989 -0.001851 0.141131 0.000000
0.001863 0.999998 0.000046 0.000000
-0.141131 0.000217 0.989991 -0.000000
-0.420247 -1.311846 -0.303151 1.000000
BoneName: mixamorig:Left_CapeA1
BoneImdex: 39
BoneParentIndex: 38
BoneChildCount: 0
1.000000 0.000000 -0.000000 0.000000
0.000000 1.000000 -0.000000 0.000000
-0.000000 -0.000000 1.000000 -0.000000
0.000437 -0.087031 -0.000000 1.000000
0.989989 -0.001851 0.141131 0.000000
0.001863 0.999998 0.000046 0.000000
-0.141131 0.000217 0.989991 -0.000000
-0.420685 -1.224815 -0.303151 1.000000
BoneName: mixamorig:RightShoulder
BoneImdex: 40
BoneParentIndex: 4
BoneChildCount: 1
41
-0.460729 -0.142537 -0.876021 0.000000
-0.887037 0.040691 0.459902 0.000000
-0.029907 0.988953 -0.145183 -0.000000
-0.152630 0.107487 -0.024332 1.000000
-0.460728 -0.887037 -0.029907 0.000000
0.101048 -0.085902 0.991166 0.000000
-0.881770 0.453636 0.129211 -0.000000
-0.207448 -0.016392 -1.421506 1.000000
BoneName: mixamorig:RightArm
BoneImdex: 41
BoneParentIndex: 40
BoneChildCount: 3
42
66
68
0.877200 -0.464883 -0.120020 0.000000
0.470105 0.882429 0.017911 0.000000
0.097583 -0.072133 0.992610 -0.000000
0.000000 0.292037 0.000000 1.000000
0.011807 -0.999873 -0.010660 0.000000
0.009615 -0.010547 0.999898 0.000000
-0.999884 -0.011908 0.009489 -0.000000
0.132019 -0.395150 -1.408996 1.000000
BoneName: mixamorig:RightForeArm
BoneImdex: 42
BoneParentIndex: 41
BoneChildCount: 2
43
64
0.999969 -0.006003 0.005072 0.000000
0.005966 0.999956 0.007280 0.000000
-0.005116 -0.007250 0.999961 -0.000000
0.000000 0.296836 0.000000 1.000000
0.017755 -0.999836 -0.003472 0.000000
0.014749 -0.003210 0.999886 0.000000
-0.999734 -0.017804 0.014690 -0.000000
0.129022 -0.701425 -1.404599 1.000000
BoneName: mixamorig:RightHand
BoneImdex: 43
BoneParentIndex: 42
BoneChildCount: 5
44
48
52
56
60
0.996785 0.072551 -0.034006 0.000000
-0.072368 0.997356 0.006579 0.000000
0.034393 -0.004097 0.999400 -0.000000
0.000000 0.275524 0.000000 1.000000
-0.054724 -0.998501 0.001236 0.000000
-0.019533 0.002308 0.999807 0.000000
-0.998310 0.054689 -0.019630 -0.000000
0.105494 -0.992942 -1.395318 1.000000
BoneName: mixamorig:RightHandThumb1
BoneImdex: 44
BoneParentIndex: 43
BoneChildCount: 1
45
0.921450 -0.366821 0.127952 0.000000
0.381328 0.791006 -0.478433 0.000000
0.074289 0.489644 0.868752 -0.000000
0.065351 0.041365 -0.030994 1.000000
0.316005 -0.811280 -0.491900 0.000000
0.109082 -0.483963 0.868263 0.000000
-0.942466 -0.328033 -0.064439 -0.000000
0.241827 -0.150101 -1.688719 1.000000
BoneName: mixamorig:RightHandThumb2
BoneImdex: 45
BoneParentIndex: 44
BoneChildCount: 1
46
0.987804 -0.152886 -0.029495 0.000000
0.155330 0.980726 0.118528 0.000000
0.010805 -0.121663 0.992513 -0.000000
0.010912 0.070886 -0.000000 1.000000
0.450693 -0.804862 -0.386101 0.000000
0.156133 -0.354778 0.921822 0.000000
-0.878919 -0.475741 -0.034230 -0.000000
0.311692 -0.381018 -1.646694 1.000000
BoneName: mixamorig:RightHandThumb3
BoneImdex: 46
BoneParentIndex: 45
BoneChildCount: 1
47
0.962493 -0.267191 0.047085 0.000000
0.266836 0.963643 0.013790 0.000000
-0.049058 -0.000709 0.998796 -0.000000
0.002230 0.065144 -0.000000 1.000000
0.630660 -0.660664 -0.407175 0.000000
0.288475 -0.287506 0.913303 0.000000
-0.720451 -0.693444 0.009267 -0.000000
0.339531 -0.370074 -1.659576 1.000000
BoneName: mixamorig:RightHandThumb4
BoneImdex: 47
BoneParentIndex: 46
BoneChildCount: 0
1.000000 0.000000 -0.000000 0.000000
0.000000 1.000000 -0.000000 0.000000
-0.000000 -0.000000 1.000000 -0.000000
-0.013142 0.042839 0.000000 1.000000
0.630660 -0.660664 -0.407175 0.000000
0.288475 -0.287506 0.913303 0.000000
-0.720451 -0.693444 0.009267 -0.000000
0.352673 -0.412913 -1.659576 1.000000
BoneName: mixamorig:RightHandIndex1
BoneImdex: 48
BoneParentIndex: 43
BoneChildCount: 1
49
0.989405 -0.111234 0.093303 0.000000
0.111834 0.993726 -0.001211 0.000000
-0.092583 0.011632 0.995637 -0.000000
0.064028 0.182758 -0.003533 1.000000
0.057038 -0.998358 -0.005318 0.000000
0.073702 -0.001101 0.997280 0.000000
-0.995648 -0.057275 0.073518 -0.000000
0.041946 -1.162002 -1.403227 1.000000
BoneName: mixamorig:RightHandIndex2
BoneImdex: 49
BoneParentIndex: 48
BoneChildCount: 1
50
1.000000 0.000000 -0.000000 0.000000
0.000000 0.999993 -0.003713 0.000000
-0.000000 0.003713 0.999993 -0.000000
0.000191 0.032579 -0.000000 1.000000
0.057039 -0.998331 -0.009024 0.000000
0.073702 -0.004803 0.997269 0.000000
-0.995648 -0.057548 0.073305 -0.000000
0.041755 -1.189364 -1.407652 1.000000
BoneName: mixamorig:RightHandIndex3
BoneImdex: 50
BoneParentIndex: 49
BoneChildCount: 1
51
1.000000 0.000000 -0.000000 0.000000
0.000000 0.999958 0.009211 0.000000
-0.000000 -0.009211 0.999958 -0.000000
0.000083 0.038301 0.000000 1.000000
0.057039 -0.998372 0.000172 0.000000
0.073702 0.004383 0.997271 0.000000
-0.995648 -0.056870 0.073832 -0.000000
0.041672 -1.240579 -1.396285 1.000000
BoneName: mixamorig:RightHandIndex4
BoneImdex: 51
BoneParentIndex: 50
BoneChildCount: 0
1.000000 0.000000 -0.000000 0.000000
0.000000 1.000000 -0.000000 0.000000
-0.000000 -0.000000 1.000000 -0.000000
-0.000274 0.040765 -0.000000 1.000000
0.057039 -0.998372 0.000172 0.000000
0.073702 0.004383 0.997271 0.000000
-0.995648 -0.056870 0.073832 -0.000000
0.041946 -1.281344 -1.396285 1.000000
BoneName: mixamorig:RightHandMiddle1
BoneImdex: 52
BoneParentIndex: 43
BoneChildCount: 1
53
0.996786 -0.078599 0.015476 0.000000
0.077892 0.996079 0.041956 0.000000
-0.018713 -0.040616 0.999000 -0.000000
0.011915 0.185501 0.000719 1.000000
0.023953 -0.998796 0.042815 0.000000
-0.004179 0.042727 0.999078 0.000000
-0.999704 -0.024110 -0.003150 -0.000000
0.164297 -1.225107 -1.348527 1.000000
BoneName: mixamorig:RightHandMiddle2
BoneImdex: 53
BoneParentIndex: 52
BoneChildCount: 1
54
1.000000 0.000000 -0.000000 0.000000
0.000000 0.998834 -0.048274 0.000000
-0.000000 0.048274 0.998834 -0.000000
0.000131 0.033718 0.000000 1.000000
0.023953 -0.999698 -0.005452 0.000000
-0.004179 -0.005553 0.999976 0.000000
-0.999704 -0.023929 -0.004310 -0.000000
0.164165 -1.192257 -1.407724 1.000000
BoneName: mixamorig:RightHandMiddle3
BoneImdex: 54
BoneParentIndex: 53
BoneChildCount: 1
55
0.999218 -0.036293 0.015691 0.000000
0.036614 0.999115 -0.020697 0.000000
-0.014926 0.021255 0.999663 -0.000000
0.000027 0.043692 0.000000 1.000000
0.060130 -0.997824 -0.027056 0.000000
0.011717 -0.026398 0.999583 0.000000
-0.998122 -0.060422 0.010104 -0.000000
0.186777 -1.199711 -1.435969 1.000000
BoneName: mixamorig:RightHandMiddle4
BoneImdex: 55
BoneParentIndex: 54
BoneChildCount: 0
1.000000 0.000000 -0.000000 0.000000
0.000000 1.000000 -0.000000 0.000000
-0.000000 -0.000000 1.000000 -0.000000
-0.000159 0.029235 0.000000 1.000000
0.060130 -0.997824 -0.027056 0.000000
0.011717 -0.026398 0.999583 0.000000
-0.998122 -0.060422 0.010104 -0.000000
0.186936 -1.228946 -1.435969 1.000000
BoneName: mixamorig:RightHandRing1
BoneImdex: 56
BoneParentIndex: 43
BoneChildCount: 1
57
0.997806 -0.045786 0.047817 0.000000
0.047153 0.998500 -0.027841 0.000000
-0.046471 0.030035 0.998468 -0.000000
-0.030542 0.181118 0.001114 1.000000
-0.008827 -0.999617 -0.026212 0.000000
0.028212 -0.026451 0.999252 0.000000
-0.999563 0.008081 0.028435 -0.000000
0.122720 -1.127007 -1.435876 1.000000
BoneName: mixamorig:RightHandRing2
BoneImdex: 57
BoneParentIndex: 56
BoneChildCount: 1
58
1.000000 0.000000 -0.000000 0.000000
0.000000 0.999957 0.009244 0.000000
-0.000000 -0.009244 0.999957 -0.000000
0.000011 0.026615 -0.000000 1.000000
-0.008827 -0.999817 -0.016971 0.000000
0.028212 -0.017214 0.999454 0.000000
-0.999563 0.008343 0.028359 -0.000000
0.122709 -1.166845 -1.425152 1.000000
BoneName: mixamorig:RightHandRing3
BoneImdex: 58
BoneParentIndex: 57
BoneChildCount: 1
59
0.999068 -0.009614 0.042082 0.000000
0.006416 0.997127 0.075476 0.000000
-0.042686 -0.075136 0.996259 -0.000000
0.000023 0.032082 -0.000000 1.000000
0.000079 -0.998282 0.058592 0.000000
0.070410 0.058452 0.995804 0.000000
-0.997518 0.004047 0.070293 -0.000000
0.074125 -1.302261 -1.334975 1.000000
BoneName: mixamorig:RightHandRing4
BoneImdex: 59
BoneParentIndex: 58
BoneChildCount: 0
1.000000 0.000000 -0.000000 0.000000
0.000000 1.000000 -0.000000 0.000000
-0.000000 -0.000000 1.000000 -0.000000
-0.000034 0.032835 -0.000000 1.000000
0.000079 -0.998282 0.058592 0.000000
0.070410 0.058452 0.995804 0.000000
-0.997518 0.004047 0.070293 -0.000000
0.074159 -1.335096 -1.334975 1.000000
BoneName: mixamorig:RightHandPinky1
BoneImdex: 60
BoneParentIndex: 43
BoneChildCount: 1
61
0.993770 -0.083775 0.073508 0.000000
0.084048 0.996462 -0.000622 0.000000
-0.073195 0.006796 0.997294 -0.000000
-0.064903 0.166122 -0.006816 1.000000
0.029358 -0.999568 -0.001548 0.000000
0.053888 0.000037 0.998547 0.000000
-0.998115 -0.029398 0.053866 -0.000000
0.164370 -1.139778 -1.405094 1.000000
BoneName: mixamorig:RightHandPinky2
BoneImdex: 61
BoneParentIndex: 60
BoneChildCount: 1
62
1.000000 0.000000 -0.000000 0.000000
0.000000 0.999796 -0.020201 0.000000
-0.000000 0.020201 0.999796 -0.000000
0.000022 0.025254 0.000000 1.000000
0.029358 -0.999333 -0.021740 0.000000
0.053888 -0.020136 0.998344 0.000000
-0.998115 -0.030481 0.053261 -0.000000
0.164347 -1.136409 -1.428343 1.000000
BoneName: mixamorig:RightHandPinky3
BoneImdex: 62
BoneParentIndex: 61
BoneChildCount: 1
63
1.000000 0.000000 -0.000000 0.000000
0.000000 0.996001 0.089338 0.000000
-0.000000 -0.089338 0.996001 -0.000000
-0.000004 0.026374 0.000000 1.000000
0.029358 -0.997279 0.067625 0.000000
0.053888 0.069135 0.996151 0.000000
-0.998115 -0.025600 0.055771 -0.000000
0.164351 -1.285738 -1.318751 1.000000
BoneName: mixamorig:RightHandPinky4
BoneImdex: 63
BoneParentIndex: 62
BoneChildCount: 0
1.000000 0.000000 -0.000000 0.000000
0.000000 1.000000 -0.000000 0.000000
-0.000000 -0.000000 1.000000 -0.000000
-0.000019 0.019919 0.000000 1.000000
0.029358 -0.997279 0.067625 0.000000
0.053888 0.069135 0.996151 0.000000
-0.998115 -0.025600 0.055771 -0.000000
0.164370 -1.305657 -1.318751 1.000000
BoneName: mixamorig:Right_CapeC
BoneImdex: 64
BoneParentIndex: 42
BoneChildCount: 1
65
0.049020 -0.998797 -0.001335 0.000000
0.013667 -0.000666 0.999906 0.000000
-0.998704 -0.049034 0.013618 -0.000000
-0.074388 0.149796 -0.085479 1.000000
0.999508 -0.002563 0.031247 0.000000
0.002594 0.999996 -0.000956 0.000000
-0.031244 0.001037 0.999511 -0.000000
0.861929 -1.315650 -0.179373 1.000000
BoneName: mixamorig:Right_CapeC1
BoneImdex: 65
BoneParentIndex: 64
BoneChildCount: 0
1.000000 0.000000 -0.000000 0.000000
0.000000 1.000000 -0.000000 0.000000
-0.000000 -0.000000 1.000000 -0.000000
-0.000647 -0.088000 -0.000000 1.000000
0.999508 -0.002563 0.031247 0.000000
0.002594 0.999996 -0.000956 0.000000
-0.031244 0.001037 0.999511 -0.000000
0.862576 -1.227649 -0.179373 1.000000
BoneName: mixamorig:Right_CapeB
BoneImdex: 66
BoneParentIndex: 41
BoneChildCount: 1
67
-0.158444 -0.987324 -0.009304 0.000000
0.008119 -0.010726 0.999910 0.000000
-0.987335 0.158354 0.009716 -0.000000
-0.074195 0.254954 -0.086442 1.000000
0.985428 0.000161 -0.170095 0.000000
-0.000413 0.999999 -0.001448 0.000000
0.170095 0.001498 0.985427 -0.000000
0.621494 -1.313787 -0.319398 1.000000
BoneName: mixamorig:Right_CapeB1
BoneImdex: 67
BoneParentIndex: 66
BoneChildCount: 0
1.000000 0.000000 -0.000000 0.000000
0.000000 1.000000 -0.000000 0.000000
-0.000000 -0.000000 1.000000 -0.000000
-0.000000 -0.088647 0.000000 1.000000
0.985428 0.000161 -0.170095 0.000000
-0.000413 0.999999 -0.001448 0.000000
0.170095 0.001498 0.985427 -0.000000
0.621494 -1.225140 -0.319398 1.000000
BoneName: mixamorig:Right_CapeA
BoneImdex: 68
BoneParentIndex: 41
BoneChildCount: 1
69
-0.158444 -0.987324 -0.009304 0.000000
0.008119 -0.010726 0.999910 0.000000
-0.987335 0.158354 0.009716 -0.000000
-0.107812 0.045394 -0.087123 1.000000
0.985428 0.000161 -0.170095 0.000000
-0.000413 0.999999 -0.001448 0.000000
0.170095 0.001498 0.985427 -0.000000
0.409258 -1.315081 -0.319398 1.000000
BoneName: mixamorig:Right_CapeA1
BoneImdex: 69
BoneParentIndex: 68
BoneChildCount: 0
1.000000 0.000000 -0.000000 0.000000
0.000000 1.000000 -0.000000 0.000000
-0.000000 -0.000000 1.000000 -0.000000
0.000647 -0.088647 0.000000 1.000000
0.985428 0.000161 -0.170095 0.000000
-0.000413 0.999999 -0.001448 0.000000
0.170095 0.001498 0.985427 -0.000000
0.408611 -1.226434 -0.319398 1.000000
BoneName: mixamorig:Right_Peck
BoneImdex: 70
BoneParentIndex: 4
BoneChildCount: 0
1.000000 0.000000 -0.000000 0.000000
0.000000 0.962318 -0.271928 0.000000
-0.000000 0.271928 0.962318 -0.000000
-0.171612 -0.119386 -0.227420 1.000000
1.000000 0.000000 -0.000000 0.000000
0.000000 1.000000 -0.000000 0.000000
-0.000000 -0.000000 1.000000 -0.000000
0.171613 -1.265404 0.248939 1.000000
BoneName: mixamorig:Left_Peck
BoneImdex: 71
BoneParentIndex: 4
BoneChildCount: 0
1.000000 0.000000 -0.000000 0.000000
0.000000 0.962318 -0.271928 0.000000
-0.000000 0.271928 0.962318 -0.000000
0.174968 -0.118631 -0.227633 1.000000
1.000000 0.000000 -0.000000 0.000000
0.000000 1.000000 -0.000000 0.000000
-0.000000 -0.000000 1.000000 -0.000000
-0.174968 -1.266188 0.248939 1.000000
BoneName: mixamorig:Left_Collar
BoneImdex: 72
BoneParentIndex: 4
BoneChildCount: 1
73
0.996733 0.021961 0.077718 0.000000
0.000000 0.962318 -0.271928 0.000000
-0.080762 0.271039 0.959174 -0.000000
0.186730 0.059888 -0.108061 1.000000
0.996733 0.000000 -0.080762 0.000000
0.000000 1.000000 -0.000000 0.000000
0.080762 -0.000000 0.996733 -0.000000
-0.179229 -1.405465 0.100130 1.000000
BoneName: mixamorig:Left_Collar1
BoneImdex: 73
BoneParentIndex: 72
BoneChildCount: 0
1.000000 0.000000 -0.000000 0.000000
0.000000 1.000000 -0.000000 0.000000
-0.000000 -0.000000 1.000000 -0.000000
0.147644 0.104175 -0.000000 1.000000
0.996733 0.000000 -0.080762 0.000000
0.000000 1.000000 -0.000000 0.000000
0.080762 -0.000000 0.996733 -0.000000
-0.326873 -1.509640 0.100130 1.000000
BoneName: mixamorig:Right_Collar
BoneImdex: 74
BoneParentIndex: 4
BoneChildCount: 1
75
0.993673 -0.030541 -0.108082 0.000000
-0.000000 0.962318 -0.271928 0.000000
0.112314 0.270207 0.956229 -0.000000
-0.185752 0.059859 -0.108162 1.000000
0.993673 0.000000 0.112314 0.000000
0.000000 1.000000 -0.000000 0.000000
-0.112314 -0.000000 0.993673 -0.000000
0.174982 -1.405465 0.105755 1.000000
BoneName: mixamorig:Right_Collar1
BoneImdex: 75
BoneParentIndex: 74
BoneChildCount: 0
1.000000 0.000000 -0.000000 0.000000
0.000000 1.000000 -0.000000 0.000000
-0.000000 -0.000000 1.000000 -0.000000
-0.149143 0.104175 -0.000000 1.000000
0.993673 0.000000 0.112314 0.000000
0.000000 1.000000 -0.000000 0.000000
-0.112314 -0.000000 0.993673 -0.000000
0.324125 -1.509640 0.105755 1.000000
BoneName: mixamorig:Belly
BoneImdex: 76
BoneParentIndex: 2
BoneChildCount: 0
1.000000 0.000000 -0.000000 0.000000
0.000000 0.993192 -0.116488 0.000000
-0.000000 0.116488 0.993192 -0.000000
0.000000 -0.082345 -0.085181 1.000000
1.000000 0.000000 -0.000000 0.000000
0.000000 1.000000 -0.000000 0.000000
-0.000000 -0.000000 1.000000 -0.000000
0.000000 -0.995741 0.132835 1.000000
BoneName: mixamorig:LeftUpLeg
BoneImdex: 77
BoneParentIndex: 1
BoneChildCount: 1
78
-0.999742 0.002407 0.022570 0.000000
-0.004541 -0.995468 -0.094994 0.000000
0.022239 -0.095072 0.995222 -0.000000
0.188444 -0.055665 0.044614 1.000000
-0.999742 -0.004541 0.022239 0.000000
0.002594 -0.996221 -0.086816 0.000000
0.022549 -0.086736 0.995976 -0.000000
0.186016 0.904506 0.073354 1.000000
BoneName: mixamorig:LeftLeg
BoneImdex: 78
BoneParentIndex: 77
BoneChildCount: 1
79
1.000000 0.000047 -0.000577 0.000000
0.000103 0.966046 0.258368 0.000000
0.000569 -0.258368 0.966046 -0.000000
-0.000000 0.322038 0.000000 1.000000
-0.999755 0.001255 0.022088 0.000000
0.002597 -0.984826 0.173526 0.000000
0.021971 0.173541 0.984582 -0.000000
0.186001 0.581662 -0.079522 1.000000
BoneName: mixamorig:LeftFoot
BoneImdex: 79
BoneParentIndex: 78
BoneChildCount: 1
80
0.997316 0.071921 0.013697 0.000000
-0.048165 0.785421 -0.617085 0.000000
-0.055139 0.614770 0.786777 -0.000000
-0.000000 0.324775 -0.000000 1.000000
-0.996679 0.035509 0.073276 0.000000
-0.065862 -0.880708 -0.469058 0.000000
0.047879 -0.472327 0.880122 -0.000000
0.202888 0.241878 0.085105 1.000000
BoneName: mixamorig:LeftToeBase
BoneImdex: 80
BoneParentIndex: 79
BoneChildCount: 1
81
0.992541 0.000000 -0.121909 0.000000
-0.055581 -0.890018 -0.452525 0.000000
-0.108501 0.455925 -0.883380 -0.000000
-0.000124 0.302029 -0.001007 1.000000
-0.998178 -0.009366 0.059600 0.000000
-0.008189 0.999767 0.019965 0.000000
-0.059773 0.019441 -0.998023 -0.000000
0.191000 0.003284 -0.125521 1.000000
BoneName: mixamorig:LeftToe_End
BoneImdex: 81
BoneParentIndex: 80
BoneChildCount: 0
1.000000 0.000000 -0.000000 0.000000
0.000000 1.000000 -0.000000 0.000000
-0.000000 -0.000000 1.000000 -0.000000
0.000000 -0.000000 0.156878 1.000000
-0.998178 -0.009366 0.059600 0.000000
-0.008189 0.999767 0.019965 0.000000
-0.059773 0.019441 -0.998023 -0.000000
0.190999 0.003284 -0.282399 1.000000
BoneName: mixamorig:RightUpLeg
BoneImdex: 82
BoneParentIndex: 1
BoneChildCount: 1
83
-0.999602 0.003593 -0.027969 0.000000
-0.000532 -0.994076 -0.108690 0.000000
-0.028194 -0.108631 0.993682 -0.000000
-0.188444 -0.055696 0.048352 1.000000
-0.999602 -0.000532 -0.028194 0.000000
0.003361 -0.994943 -0.100388 0.000000
-0.027998 -0.100443 0.994549 -0.000000
-0.191279 0.902783 0.080825 1.000000
BoneName: mixamorig:RightLeg
BoneImdex: 83
BoneParentIndex: 82
BoneChildCount: 1
84
1.000000 -0.000055 0.000475 0.000000
-0.000076 0.962644 0.270770 0.000000
-0.000472 -0.270770 0.962644 -0.000000
-0.000000 0.322067 0.000000 1.000000
-0.999616 -0.008070 -0.026525 0.000000
0.003368 -0.984958 0.172761 0.000000
-0.027520 0.172605 0.984607 -0.000000
-0.191273 0.580922 -0.079344 1.000000
BoneName: mixamorig:RightFoot
BoneImdex: 84
BoneParentIndex: 83
BoneChildCount: 1
85
0.998310 -0.054833 -0.019246 0.000000
0.031494 0.788828 -0.613806 0.000000
0.048838 0.612163 0.789222 -0.000000
-0.000000 0.322771 -0.000000 1.000000
-0.996973 -0.021567 -0.074694 0.000000
0.054045 -0.882899 -0.466443 0.000000
-0.055888 -0.469068 0.881392 -0.000000
-0.203578 0.246314 0.086068 1.000000
BoneName: mixamorig:RightToeBase
BoneImdex: 85
BoneParentIndex: 84
BoneChildCount: 1
86
0.993213 0.000000 0.116312 0.000000
0.057824 -0.867666 -0.493773 0.000000
0.100920 0.497147 -0.861777 -0.000000
0.000129 0.302209 -0.001099 1.000000
-0.998894 -0.002054 -0.046966 0.000000
-0.000574 0.999503 -0.031506 0.000000
0.047008 -0.031444 -0.998399 -0.000000
-0.192185 -0.006322 -0.123465 1.000000
BoneName: mixamorig:RightToe_End
BoneImdex: 86
BoneParentIndex: 85
BoneChildCount: 0
1.000000 0.000000 -0.000000 0.000000
0.000000 1.000000 -0.000000 0.000000
-0.000000 -0.000000 1.000000 -0.000000
0.000000 0.005698 0.158098 1.000000
-0.998894 -0.002054 -0.046966 0.000000
-0.000574 0.999503 -0.031506 0.000000
0.047008 -0.031444 -0.998399 -0.000000
-0.192185 -0.012020 -0.281562 1.000000
BoneName: Elvis_MouthAnimGeo
BoneImdex: 87
BoneParentIndex: 0
BoneChildCount: 0
1.000000 0.000000 -0.000000 0.000000
0.000000 1.000000 -0.000000 0.000000
-0.000000 -0.000000 1.000000 -0.000000
0.000000 0.000000 -0.000000 1.000000
1.000000 0.000000 0.000000 0.000000
0.000000 1.000000 0.000000 0.000000
0.000000 0.000000 1.000000 0.000000
0.000000 0.000000 0.000000 1.000000
BoneName: Elvis_EyesAnimGeo
BoneImdex: 88
BoneParentIndex: 0
BoneChildCount: 0
1.000000 0.000000 -0.000000 0.000000
0.000000 1.000000 -0.000000 0.000000
-0.000000 -0.000000 1.000000 -0.000000
0.000000 0.000000 -0.000000 1.000000
1.000000 0.000000 0.000000 0.000000
0.000000 1.000000 0.000000 0.000000
0.000000 0.000000 1.000000 0.000000
0.000000 0.000000 0.000000 1.000000
BoneName: Elvis_BodyGeo
BoneImdex: 89
BoneParentIndex: 0
BoneChildCount: 0
1.000000 0.000000 -0.000000 0.000000
0.000000 1.000000 -0.000000 0.000000
-0.000000 -0.000000 1.000000 -0.000000
0.000000 0.000000 -0.000000 1.000000
1.000000 0.000000 0.000000 0.000000
0.000000 1.000000 0.000000 0.000000
0.000000 0.000000 1.000000 0.000000
0.000000 0.000000 0.000000 1.000000
BoneName: Elvis_BrowsAnimGeo
BoneImdex: 90
BoneParentIndex: 0
BoneChildCount: 0
1.000000 0.000000 -0.000000 0.000000
0.000000 1.000000 -0.000000 0.000000
-0.000000 -0.000000 1.000000 -0.000000
0.000000 0.000000 -0.000000 1.000000
1.000000 0.000000 0.000000 0.000000
0.000000 1.000000 0.000000 0.000000
0.000000 0.000000 1.000000 0.000000
0.000000 0.000000 0.000000 1.000000
